0.7447
1.1595
1.31055
1.2842
1.2176
1.33345
1.2414
1.3315
1.31155
1.2273
1.37265
1.22455
1.3283
1.33655
1.2357
1.3463
1.23615
1.3138
1.3185
1.22925
1.3567
1.20705
1.3309
1.3158
1.275
1.36145
1.2273
1.32505
1.29305
1.22725
1.37485
1.2087
1.32395
1.31875
1.25815
1.3617
1.25395
1.3143
1.32235
1.24155
1.3814
1.23635
1.3322
1.3364
1.2619
1.3717
1.24735
1.32585
1.3175
1.25105
1.37355
1.25085
1.3433
1.2852
1.2687
1.37735
1.1963
1.2895
1.30615
1.20445
1.30945
1.235
1.34505
1.33395
1.263
1.38655
1.2705
1.3543
1.33115
1.27255
1.37325
1.2375
1.33345
1.27845
1.2126
1.35395
1.2244
1.3188
1.299
1.23675
1.35895
1.183
1.2634
1.2883
1.2174
1.3338
1.21995
1.25015
1.28155
1.22685
1.34295
1.2341
1.3016
1.2906
1.22455
1.33175
1.24705
1.319
1.30185
1.26565
1.3571
1.2557
1.3192
1.30795
1.2616
1.3488
1.2198
1.31615
1.3024
1.2417
1.3445
1.21655
1.29515
1.29005
1.23425
1.3411
1.2072
1.3265
1.27725
1.2081
1.3083
1.19775
1.29955
1.2657
1.2124
1.33395
1.1836
1.3013
1.27015
1.23885
1.3246
1.20185
1.26685
1.27225
1.22385
1.3397
1.21785
1.3211
1.29915
1.2558
1.3511
1.2287
1.30015
1.24005
1.2074
1.30655
1.1927
1.3271
1.2946
1.1897
1.35065
1.2353
1.3185
1.30675
1.2226
1.3531
1.2214
1.32595
1.291
1.25105
1.2952
1.20195
1.3027
1.2908
1.20955
1.2968
1.2013
1.27935
1.27785
1.19735
1.3157
1.1792
1.2831
1.26785
1.19835
1.3266
1.193
1.3121
1.2906
1.19545
1.31225
1.19595
1.2574
1.2433
1.2001
1.306
1.2197
1.3145
1.2649
1.24215
1.32505
1.21925
1.28795
1.3312
1.23945
1.3222
1.2311
1.3109
1.28785
1.22065
1.3374
1.2251
1.29855
1.3159
1.25905
1.30585
1.2332
1.31185
1.3109
1.2345
1.35685
1.2686
1.33905
1.31485
1.2642
1.34265
1.2265
1.3257
1.2998
1.26425
1.38035
1.2496
1.3351
1.2832
1.2282
1.3595
1.23755
1.38145
1.296
1.2334
1.36855
1.19465
1.2999
1.2788
1.23915
1.36635
1.25285
1.3414
1.32265
1.27415
1.3706
1.2429
1.33485
1.2953
1.269
1.33575
1.2021
1.3104
1.2801
1.25545
1.34975
1.19235
1.28885
1.26105
1.21565
1.31505
1.22595
1.3257
1.29765
1.25475
1.3029
1.18735
1.3111
1.2679
1.20945
1.29645
1.2064
1.2669
1.254
1.2066
1.3028
1.21555
1.29035
1.24365
1.19475
1.304
1.18655
1.31635
1.27075
1.2161
1.3417
1.25005
1.31735
1.2694
1.21425
1.3154
1.20815
1.285
1.24595
1.2038
1.3107
1.20575
1.31555
1.2825
1.1976
1.35365
1.21225
1.28685
1.2648
1.2132
1.3146
1.2104
1.2859
1.22865
1.22955
1.33675
1.2287
1.33555
1.3074
1.24745
1.31575
1.2456
1.3128
1.25915
1.2301
1.34175
1.23635
1.2935
1.2917
1.26655
1.334
1.2249
1.34625
1.2846
1.2159
1.3713
1.2508
1.3464
1.27745
1.24355
1.326
1.22235
1.33515
1.29265
1.2302
1.3495
1.2598
1.3351
1.2887
1.2487
1.3332
1.27345
1.35595
1.2949
1.2718
1.3693
1.251
1.37045
1.31535
1.27725
1.36745
1.2524
1.37625
1.31995
1.2262
1.3344
1.22205
1.33595
1.28095
1.26415
1.34195
1.23525
1.3323
1.2968
1.2677
1.3676
1.23895
1.32965
1.28135
1.25515
1.29815
0.37841
-2.0378
-0.086755
10.442
13.858
6.3555
-5.6495
-15.1945
-15.5365
-11.5985
-12.747
-15.706
-11.42
-0.80695
10.623
14.2305
7.421
-3.64175
-9.297
-4.27345
4.2924
6.1225
0.72995
-3.8821
-4.36915
-5.846
-8.54
-3.3456
11.272
19.6885
12.112
0.312025
-4.43255
-5.662
-6.671
-5.0015
-0.6279
1.5227
0.0153375
-3.5781
-4.18625
2.1925
8.3205
8.382
4.8008
1.9416
-0.10514
-4.58865
-8.847
-9.4005
-6.8115
0.70885
8.876
8.318
-1.60295
-8.569
-4.4384
0.6512
-0.5433
-3.408
-5.3265
-8.659
-16.7235
-18.1935
-2.32355
17.7615
26.803
18.271
-1.3563
-15.11
-15.891
-9.1435
-2.80735
2.1712
3.47695
-6.1895
-22.217
-25.909
-9.291
8.31
8.1835
-1.4149
-3.91105
4.5301
20.466
35.302
31.6275
24.323
27.7205
30.075
21.7355
7.9595
0.5242
3.8837
11.962
11.499
-5.5685
-27.862
-36.213
-28.966
-26.6465
-37.7765
-43.474
-30.991
-13.261
-8.219
-13.3055
-15.8045
-14.6765
-15.4075
-26.95
-45.393
-51.97
-36.5835
-11.9245
-2.6345
-11.048
-17.878
-10.7785
1.99355
4.75765
1.11725
2.24075
9.821
18.049
13.3755
0.96145
5.685
37.9135
83.33
114.37
116.61
94.945
61.135
33.4335
23.353
26.2285
27.516
17.6825
-0.63975
-23.1225
-42.9865
-49.603
-43.3
-34.988
-36.561
-52.85
-69.3
-64.57
-41.09
-14.411
0.40147
1.0384
-6.0935
-21.411
-33.702
-22.828
3.13145
28.8325
52.895
73.735
87.6
87.615
71.165
46.2715
28.846
28.416
39.1935
47.2125
42.223
31.152
23.15
18.386
18.6015
19.199
4.2692
-31.106
-68.24
-83.905
-81.905
-81.06
-86.19
-82.905
-62.355
-37.239
-18.13
-1.77845
14.6145
24.3235
14.9675
-4.43405
-14.434
-9.4155
9.765
36.109
56.64
60.425
53.765
53.635
64.22
80.57
93.48
95.845
87.175
68.61
52.335
53.255
67.82
83.12
92.095
95.34
97.68
100.205
98.115
97.55
113.07
142.61
178.2
220.03
260.495
276.31
245.155
178.065
111.235
71.815
71.04
95.02
103.3
79.13
34.991
-13.201
-52.51
-87.17
-129.065
-179.63
-229.725
-258.685
-240.81
-163.97
-39.748
102.85
230.75
316.395
349.655
341.43
315.555
296.71
298.065
316.485
328.55
301.24
219.625
107.785
1.83695
-77.725
-123.34
-141.3
-146.34
-149.22
-161.74
-183.555
-199.315
-205.585
-209.8
-219.255
-237.13
-257.77
-272.28
-281.065
-290.86
-304.065
-321.31
-341.95
-365.02
-392.985
-417.565
-422.54
-399.11
-344.87
-266.44
-171.97
-63.63
51.58
152.79
209.045
214.905
190.42
149.6
99.53
39.7195
-30.385
-101.555
-166.545
-222.795
-266.995
-298.88
-319.535
-332.545
-339.28
-334.58
-316.08
-291.085
-272.255
-269.96
-283.315
-297.405
-295.465
-274.655
-242.07
-207.885
-180.175
-158.32
-140.02
-126.4
-111.795
-86.935
-49.8115
-3.2588
50.28
103.635
144.02
171.405
200.005
239.055
284.98
329.47
363.42
378.435
377.925
375.465
378.57
386.18
393.9
396.185
382.395
342.065
278.46
206.53
139.955
92.825
75.315
83.655
100.045
104.23
94.71
83.48
79.47
82.295
92.305
111.2
125.43
113.485
82.74
59.695
53.37
62.72
86.725
123.345
164.42
195.57
209.755
210.965
201
183.35
165.205
156.9
165.895
186.035
203.09
201.535
160.43
76.09
-25.2725
-119.005
-196.34
-255.705
-301.86
-335.64
-341.77
-308.96
-241.175
-150.415
-55.23
32.88
108.315
157.695
157
93.135
-11.01
-114.37
-192.695
-239.98
-260.91
-266.115
-268.085
-275.345
-276.475
-251.02
-195.31
-127.45
-73.655
-57.605
-87.86
-140.33
-174.025
-171.45
-144.365
-114.99
-102.565
-115.11
-146.675
-177.98
-190.795
-187.735
-186.63
-201.415
-232.935
-264.345
-276.855
-264.93
-229.395
-171.6
-93.935
-1.75145
92.13
175.93
245.555
297.57
330.01
341.985
342.295
344.575
353.89
370.695
391.605
410.36
423.51
427.515
424.74
425.39
435.225
451.055
469.695
485.785
485.8
458.655
407.095
332.45
231.18
109.05
-14.7645
-116.785
-181.655
-205.685
-201.315
-185.49
-171.945
-172.84
-186.785
-204.905
-221.93
-236.19
-251.125
-268.905
-285.225
-293.445
-288.055
-264.885
-222.09
-160.535
-84.025
-1.587
79.385
152.85
199.565
202.37
174.41
142.44
124.82
125.925
140.345
168.765
213.625
267.425
319.145
357.385
365.955
329.04
250.215
151.265
58.185
-10.347
-51.465
-69.17
-67.55
-54.73
-39.384
-32.236
-40.7105
-59.74
-78.875
-90.45
-94.02
-94.79
-99.26
-111.73
-132.265
-158.92
-193.295
-237.46
-285.46
-327.255
-355.56
-369.75
-378.7
-394.99
-424.55
-463.435
-500.45
-525.1
-530.85
-518.95
-499.365
-481.195
-468.15
-459.07
-452.59
-450.02
-446.755
-439.415
-430.465
-422.105
-413.81
-404.595
-398.4
-396.45
-397.025
-401.315
-406.12
-403.405
-384.97
-342.705
-274.805
-190.655
-103.945
-24.966
37.734
78.41
94.215
86.885
64.31
37.4515
14.053
-2.94495
-12.584
-14.8265
-10.7425
-2.93855
9.5085
28.47
51.94
76.96
99.725
120.105
141.085
166.61
198.915
238.58
284.32
333.01
380.6
422.66
457.275
485.235
506.95
524.5
540.15
554.05
565.05
573.5
583.55
595.9
605.15
602.85
581.25
543.15
505.65
482.785
476.4
479.975
491.5
511.4
532.85
549.45
555.55
546.75
527.5
506.3
489.07
477.635
469.99
460
437.065
398.195
351.77
310.59
284.16
272.19
267.74
262.485
250.575
230.445
203.335
172.74
144.885
125.52
117.525
122.71
139.69
159.44
171.8
172.995
165.32
150.325
126.555
97.915
70.63
42.8725
10.505
-24.4025
-60.41
-98.725
-138.46
-174.745
-202.03
-218.815
-229.825
-240.05
-248.175
-251.535
-250.07
-246.13
-243.195
-241.7
-242.54
-246.895
-257.24
-274.58
-295.265
-315.9
-332.78
-344.31
-350.23
-348.445
-340.08
-330.075
-321.21
-314.96
-313.08
-316.475
-322.325
-324.885
-319.65
-303.86
-280.995
-256.91
-232.965
-209.225
-186.295
-166.17
-150.145
-139.295
-131.625
-122.36
-108.975
-93.525
-82.46
-81.63
-91.285
-104.965
-114.875
-119.44
-120.36
-116.89
-110.58
-105.86
-105.39
-108.015
-112.415
-120.1
-132.93
-147.495
-158.06
-163.6
-165.96
-163.35
-153.65
-137.19
-113.44
-82.895
-48.429
-14.55
13.0135
29.665
30.6115
17.54
-2.94745
-22.308
-31.2795
-26.0855
-9.2525
12.145
30.8955
43.6875
51.055
53.175
45.9735
27.9735
8.872
6.4955
27.3485
57.335
76.89
76.93
55.35
15.954
-33.204
-83.32
-125.295
-152.73
-161.58
-155.87
-144.735
-134.065
-128.685
-129.865
-137.085
-153.03
-174.325
-194.185
-210.895
-224.69
-233.95
-237.31
-235.395
-226.615
-209.33
-182.14
-145.19
-100.635
-54.44
-13.926
18.197
45.2955
69.48
95.885
129.55
166.175
196.8
212.815
209.345
188.795
159.85
131.82
107.635
89.115
76.865
67.65
56.01
38.4565
18.3575
1.406
-7.1715
-7.179
-2.4926
4.82685
14.527
22.615
27.108
30.179
35.228
44.308
57.485
74.055
90.8
105.79
117.29
124.27
129.54
139.29
164.34
207.26
258.225
306.8
350.22
391.805
431.455
465.67
492
504.4
498.435
476.875
444.76
408.64
371.82
334.025
296.51
261.825
230.525
200.07
169.335
139.69
114.155
91.955
71.4
56.875
51.15
51.415
52.68
49.835
41.791
32.3045
24.4865
15.7725
3.1088
-10.6395
-18.961
-16.4365
-6.6845
1.1362
3.06745
2.3924
1.3541
0.17182
-2.6636
-4.4462
-3.65755
-2.96545
-4.02895
-5.7325
-4.43545
-0.5684
1.6938
1.82865
0.77465
-2.46945
-10.074
-22.2665
-39.2225
-60.335
-82.38
-102.765
-119.655
-132.04
-143.085
-155.2
-166.865
-177.055
-188.48
-208.58
-237.965
-268.37
-294.77
-318.3
-342.955
-369.93
-397.175
-421.575
-438.105
-446.525
-450.13
-449.15
-442.475
-431.75
-420.15
-406.3
-389.35
-370.295
-352.215
-337.91
-324.28
-307.865
-287.91
-263.09
-234.025
-200.885
-163.045
-122.35
-82.64
-47.732
-20.2085
-0.83765
12.6685
22.7815
25.099
16.3865
3.14735
-4.1445
-0.9167
8.3345
17.359
23.1015
28.488
36.451
43.2865
44.367
39.022
32.1745
28.674
26.035
25.4905
30.3805
37.1725
39.5895
34.385
24.3845
16.984
16.182
21.9995
33.5005
48.8485
66.59
84.5
96.795
100.015
96.255
86.69
77.23
75.805
82.98
93.695
103.615
110.195
113.075
110.42
100.535
85.895
73.84
69.105
70.985
77.65
88.17
101.975
118.875
136.765
153.61
165.025
168.44
163
149.04
134.475
124.74
119.735
120.73
128.07
141.425
157.085
167.99
169.81
161.75
147.355
132.48
120.925
114.055
109.62
103.645
92.33
74.8
54.045
34.917
22.682
19.135
22.074
26.136
24.4365
14.504
0.31884
-12.8565
-21.8585
-25.0285
-24.4805
-22.8195
-21.8625
-24.3895
-34.928
-51.795
-70.125
-85.835
-93.875
-92.6
-83.37
-71.66
-65.315
-67.94
-78.425
-90.75
-97.21
-90.46
-66.155
-32.967
-1.7321
25.7785
49.6985
66.72
74.255
77.275
82.7
91.415
101.72
110.21
116.76
122.34
126.395
129.385
130.335
130.975
134.93
142.14
148.735
149.71
142.79
128.74
111.09
89.83
63.68
40.0925
27.7875
26.359
30.2885
32.598
28.7575
18.755
7.017
-0.412495
-0.53065
8.0355
24.2105
43.1595
58.875
67.46
69.665
70.095
73.805
82.2
93.545
105.555
116.61
127.415
137.2
146.08
156.41
169.75
184.885
198.31
207.155
210.96
207.71
195.56
175.225
149.33
122.5
96.965
73.46
53.915
37.7705
22.282
6.1315
-8.6085
-21.3375
-32.631
-42.2745
-49.531
-53.435
-54.115
-53.48
-51.86
-50.71
-52.225
-57.995
-68.805
-80.415
-86.215
-84.6
-78.545
-72.76
-69.955
-72.39
-79.52
-89.8
-102.135
-112.415
-119.185
-125.255
-134.07
-146.855
-161.4
-174.115
-180.88
-180.1
-172.325
-160.12
-148.37
-139.86
-135.07
-133.63
-132.735
-131
-127.68
-120.78
-110.675
-99.535
-90.74
-86.72
-85.86
-84.13
-80.125
-73.415
-62.76
-48.8925
-35.1355
-24.066
-16.105
-9.222
-3.7775
-1.04195
-0.0481955
0.054995
0.360675
-0.53935
-4.42285
-9.412
-16.082
-26.8505
-40.5205
-54.965
-67.7
-76.695
-81.065
-81.69
-80.765
-79.445
-81.91
-90.28
-102.435
-115.545
-126.5
-134.305
-141.04
-148.33
-157.585
-169.12
-182.51
-195.655
-205.91
-212.41
-213.095
-207.965
-197.615
-180.795
-159.245
-135.82
-115.24
-99.215
-82.69
-62.615
-40.246
-19.3415
-2.9964
8.138
14.248
15.5445
13.9115
13.727
16.53
21.304
25.8515
27.289
26.5005
25.3535
25.133
27.5735
32.5855
39.8025
47.397
52.05
51.435
46.997
41.2075
37.5805
37.4585
40.515
44.806
48.5875
50.505
50.175
48.434
45.7425
43.6735
45.0645
50.555
59.71
69.645
78.52
87.015
95.05
101.735
105.67
108.46
111.885
115.03
117.16
118.6
120.855
125.32
131.425
140.03
151.225
165.275
181.605
196.695
208.365
216.365
221.925
226.09
226.635
223.075
215.375
201.035
179.705
154.255
128.39
104.09
83.26
66.795
53.7
43.167
35.344
29.244
24.753
22.805
24.631
29.611
34.591
36.9075
34.127
26.746
16.8425
6.748
0.216675
-1.5372
0.033843
4.17725
8.4905
10.713
10.2295
7.195
2.4229
-2.4674
-7.5035
-12.55
-18.0215
-24.5515
-32.0305
-41.183
-53.71
-70.355
-90.32
-110.885
-130.245
-148.725
-167.435
-188.91
-215.66
-248.505
-286.935
-326.89
-361.035
-381.175
-384.14
-371.27
-346.405
-314.535
-280.335
-245.945
-210.57
-174.97
-140.68
-106.69
-73.5
-43.7475
-20.4065
-5.3485
2.77655
8.388
14.1785
19.0155
19.889
17.8285
15.286
11.267
5.918
1.57
0.1545
0.134315
-0.39478
0.2397
1.85745
3.7104
6.802
9.415
11.702
16.0425
22.0865
28.6975
33.746
35.774
35.2755
34.6405
34.9425
36.1355
38.8895
42.5115
47.5975
54.5
62.86
73.5
85.11
96.27
107.105
117.64
128.7
140.465
153.255
167.645
184.225
204.88
228.045
251.245
275.915
304.59
341.35
384.375
424.235
449.15
453.145
441.265
423.175
405.575
389.45
371.815
350.17
325.375
299.24
272.855
246.52
221.13
194.68
165.705
134.18
103.09
77.35
58.055
44.66
36.974
32.215
28.8115
23.1575
13.767
3.80145
-5.49
-15.832
-25.758
-34.467
-42.8505
-50.66
-56.145
-57.84
-56.005
-52.665
-49.9015
-48.313
-48.962
-51.755
-57.14
-64.58
-71.62
-76.73
-79.195
-79.735
-80.075
-83.46
-91.205
-101.115
-110.13
-118.095
-124.565
-129.85
-133.65
-138.04
-144.875
-153.035
-162.08
-170.595
-178.24
-185.245
-191.91
-198.885
-205.51
-210.5
-213.08
-214.075
-214.55
-213.135
-207.6
-198.47
-188.2
-178.21
-167.52
-154.215
-139.095
-125.4
-113.87
-101.21
-87.265
-74.945
-66.515
-61.975
-57.85
-52.48
-48.008
-45.9735
-46.363
-46.798
-44.1325
-36.943
-26.8055
-16.873
-9.439
-5.4355
-4.67515
-5.042
-4.8863
-2.4022
0.51025
1.8027
3.5425
5.511
6.1835
4.93955
2.524
1.6627
4.0699
9.37
15.7335
21.8155
27.235
30.4025
32.529
34.8695
36.781
38.1485
38.7685
39.227
40.085
42.238
44.5725
45.6845
46.6445
47.9895
47.876
46.088
43.632
41.876
41.6765
42.451
43.904
46.7355
50.675
54.325
56.965
58.78
59.19
59.585
60.975
62.18
64.51
67.165
69.025
67.585
60.78
49.363
35.2895
21.885
11.398
5.046
2.279
0.98665
0.0404345
-3.1634
-7.3755
-10.704
-13.722
-16.8195
-22.018
-29.167
-34.946
-38.8
-42.8005
-47.8875
-53.805
-59.185
-65.375
-73.895
-84.38
-96.36
-109.41
-124.625
-141.875
-160.905
-178.965
-192.12
-199.71
-200.6
-193.285
-178.36
-157.695
-135.985
-118.925
-110.3
-108.35
-108.29
-105.705
-96.855
-82.53
-65.055
-47.151
-33.0855
-24.667
-21.3815
-20.3645
-19.0485
-17.5635
-13.524
-7.0455
-1.29405
3.75045
7.2735
8.385
8.529
7.6795
6.851
6.33
6.033
5.9455
6.5625
8.3505
11.547
15.052
16.837
17.095
16.927
16.7795
18.0325
19.0385
19.576
21.102
23.84
28.266
34.084
40.684
48.4695
56.66
65.56
74.095
82.02
89.325
94.21
96.615
97.78
98.63
100.505
102.775
105.305
108.425
110.955
112.075
112.4
113.335
112.65
108.45
99.475
84.465
66.055
47.869
33.779
26.0775
22.8535
21.867
20.547
16.5665
10.9285
4.7915
-0.210735
-1.60235
1.83915
10.049
19.7
27.13
31.3305
32.809
32.995
31.5305
28.8585
26.352
23.9685
19.416
11.928
2.7784
-7.526
-19.3625
-29.325
-36.446
-40.5015
-41.2235
-41.046
-40.699
-40.19
-39.908
-39.448
-39.452
-39.094
-37.545
-33.8605
-29.0965
-24.87
-21.7315
-20.9055
-21.0565
-21.26
-22.408
-24.41
-28.4065
-33.9095
-39.0075
-43.62
-47.3125
-49.6175
-50.945
-51.21
-51.97
-53.255
-55.56
-56.9
-55.48
-52.265
-48.04
-44.7085
-40.743
-35.672
-30.4
-25.178
-20.9065
-17.15
-13.3
-9.536
-5.8975
-3.4801
-2.00755
-0.49741
1.211
3.7912
6.8155
9.6035
11.685
13.353
16.0375
19.07
22.388
26.527
30.526
33.1505
34.7525
37.1225
39.767
43.1435
47.99
52.77
57.595
60.475
59.93
57.825
56.065
55.14
55.175
55.19
55.23
54.935
54.18
53.125
51.79
50.895
49.3465
47.9685
47.5625
47.78
48.4565
48.6845
49.957
52.41
54.82
57.49
58.48
58.6
59.94
62.185
63.85
63.205
61.32
58.7
55.165
51.755
48.3415
44.2595
39.062
32.065
23.9475
16.92
12.849
12.2685
15.7615
21.532
25.489
26.23
25.0685
23.639
23.9755
27.0965
32.0845
37.0345
40.277
42.0195
42.0755
41.5065
40.912
38.8405
35.4295
31.2675
27.2225
24.737
23.9945
25.194
26.227
25.4695
22.584
18.563
15.3495
13.555
13.178
13.3225
13.4795
14.0835
14.057
13.9575
13.566
11.311
8.2715
5.36
3.14515
1.16855
-0.58135
-2.4887
-4.4525
-6.372
-7.686
-8.7095
-10.453
-13.4475
-16.971
-20.0645
-22.8555
-24.2335
-23.9485
-22.75
-20.9425
-18.9695
-17.578
-17.509
-18.5355
-19.617
-19.3755
-17.923
-16.2345
-15.6275
-16.5035
-19.4085
-23.294
-26.459
-26.8645
-24.869
-22.7435
-21.9415
-23.622
-26.8275
-29.6775
-31.753
-32.564
-32.084
-30.4025
-29.018
-28.637
-28.594
-28.7425
-28.963
-29.398
-29.2615
-28.11
-26.664
-25.5395
-25.785
-27.0075
-29.014
-32.268
-35.598
-39.1735
-42.0885
-43.3955
-43.2015
-42.753
-43.783
-46.269
-50.465
-55.855
-59.645
-61.025
-60.495
-58.7
-58.03
-59.61
-63.305
-67.24
-68.43
-66.505
-61.685
-54.78
-47.064
-38.686
-29.2785
-19.4035
-10.5875
-2.79825
3.0663
5.6565
6.813
7.5415
8.1005
8.4175
7.0095
4.1133
0.32267
-3.8388
-7.776
-10.434
-11.1795
-10.5655
-8.5345
-5.5405
-3.55275
-2.2956
-2.023
-3.0257
-3.7386
-4.5621
-4.7516
-3.9422
-3.17785
-2.60585
-2.9539
-3.4655
-3.7378
-3.7692
-1.32255
2.3858
5.631
9.117
12.2625
15.255
18.0285
20.338
22.5875
24.85
26.6745
27.001
26.675
25.6835
24.299
23.899
23.8945
23.9515
23.706
22.844
21.817
20.2045
18.4415
16.181
14.2685
13.9425
13.938
13.7735
13.5975
14.7495
17.5725
20.5515
23.974
28.0655
33.1585
39.4255
45.259
50.14
53.6
56.195
58.31
59.655
60.93
60.895
58.395
53.505
46.0585
38.594
32.273
27.6505
25.405
23.6545
20.6695
15.4885
9.1845
2.879
-4.0401
-10.065
-13.2745
-13.164
-11.3135
-9.786
-8.1935
-6.897
-6.4915
-6.6965
-7.6025
-8.3485
-9.0795
-9.6735
-9.543
-9.606
-10.0625
-11.0665
-11.2165
-11.2035
-11.997
-11.3395
-9.7295
-8.017
-5.824
-4.2879
-3.1097
-2.8308
-3.9857
-5.791
-8.251
-10.5235
-12.5635
-14.4575
-16.596
-19.8785
-24.8915
-31.201
-37.147
-42.6565
-48.6095
-53.89
-59.175
-64.67
-69.545
-73.095
-73.67
-71.385
-66.225
-59.505
-53.475
-49.54
-48.553
-50.005
-52.16
-53.34
-52.935
-51.825
-49.739
-46.411
-42.6995
-37.246
-31.1735
-24.7205
-18.351
-12.9675
-7.973
-2.9663
1.2949
5.2705
9.185
12.341
13.956
12.3815
9.0585
6.406
5.2705
5.2775
6.8305
8.3545
8.6425
8.4735
7.634
7.0705
7.801
9.7555
13.5205
17.8995
21.182
23.5195
25.6735
28.2955
31.824
36.2025
40.407
45.1115
50.44
54.62
58.36
62.605
67.05
71.78
76.335
80.545
84.96
89.685
92.86
93.385
91.96
88.765
83.645
78.045
72.46
68.25
65.68
63.365
61.205
58.835
56.53
54.03
50.87
47.3695
42.9725
39.016
35.3945
31.3625
27.9785
25.1835
23.2125
21.526
19.387
17.656
15.1755
12.2005
10.0185
7.6795
5.73
4.72575
4.5165
3.91255
3.2129
3.40415
2.8258
1.212
-0.42592
-2.5311
-4.06835
-5.798
-8.5345
-10.9725
-12.609
-13.7095
-14.579
-15.268
-16.228
-17.831
-19.362
-20.9045
-22.212
-22.849
-23.3145
-23.2255
-23.2365
-23.5915
-24.5485
-26.031
-26.9285
-27.942
-28.0495
-28.073
-28.7905
-28.6655
-28.9435
-30.072
-31.7995
-33.9735
-35.154
-35.576
-35.8945
-36.0175
-35.5955
-35.0945
-34.2495
-32.339
-29.6675
-26.3935
-22.1415
-17.366
-11.9515
-6.7605
-2.55865
0.59285
1.6848
1.86075
1.94835
1.772
2.1413
2.82515
3.6027
4.46755
4.32085
2.84525
1.23305
-0.173745
-1.76775
-3.3578
-4.79475
-6.4145
-8.4375
-11.7005
-15.4865
-18.1615
-20.29
-21.2485
-20.5315
-18.747
-16.731
-16.0475
-15.4485
-14.5325
-13.647
-11.942
-10.65
-10.245
-10.7715
-13.024
-16.1135
-18.7375
-19.9465
-19.7445
-18.2925
-17.031
-17.7315
-19.377
-21.1065
-23.2875
-24.196
-24.3905
-25.1955
-26.1895
-27.4965
-28.4975
-29.451
-29.254
-28.293
-27.389
-25.722
-24.154
-22.38
-19.8165
-17.055
-14.631
-12.462
-10.066
-7.4995
-4.55565
-1.8388
-0.73825
-0.54275
-1.3027
-2.26405
-2.6228
-2.19635
-0.8319
-0.169245
-0.350555
-0.236755
-0.07921
0.68785
1.61375
1.8063
1.9472
2.0743
2.61675
3.2233
4.61665
6.1465
6.97
8.249
9.3945
10.477
11.716
12.817
13.6765
14.3685
14.852
15.189
15.8165
16.4345
16.9295
17.867
18.5555
19.872
21.6135
23.3515
25.5905
27.477
28.116
28.854
30.234
32.703
35.755
38.163
41.2395
44.156
46.2515
48.908
51.935
54.985
58.055
60.51
62.115
63.23
64.02
64.735
65.235
64.98
63.765
61.98
59.135
54.865
50.115
44.666
39.739
36.0605
32.4475
29.455
26.723
24.511
22.544
21.172
20.3865
18.7345
17.409
16.4875
14.6085
12.382
9.958
7.4465
4.68135
2.54995
1.28345
-0.26801
-1.5099
-2.1978
-3.0449
-3.7226
-4.83775
-6.1005
-6.5905
-7.1175
-8.2565
-9.2235
-9.5815
-9.9025
-10.656
-11.62
-13.038
-14.0755
-15.2565
-16.177
-16.739
-17.887
-19.1845
-20.1575
-21.483
-22.172
-22.8705
-23.3575
-23.5535
-24.1715
-24.3935
-25.173
-26.3385
-28.2885
-31.5125
-34.248
-36.5855
-38.3355
-38.7805
-38.9915
-39.751
-40.8185
-42.0265
-42.864
-43.598
-44.0435
-44.0925
-44.0175
-44.0585
-44.0905
-43.9465
-43.759
-42.1075
-38.9495
-35.6015
-31.715
-27.8345
-24.3335
-21.2385
-18.0835
-14.1165
-10.3195
-6.715
-3.86225
-2.5798
-2.77865
-3.7473
-4.2108
-4.20965
-4.24045
-3.90545
-3.17905
-2.8683
-3.66245
-4.83535
-5.943
-6.384
-5.4385
-4.568
-3.66235
-1.96405
-0.7702
0.315985
1.88285
3.475
6.036
9.126
12.2455
15.352
18.043
20.14
21.24
22.0055
22.5135
22.421
22.5145
22.4245
22.6735
23.485
24.2235
24.8115
24.4725
23.922
23.697
22.8575
22.136
21.847
22.9635
24.6605
25.828
26.634
27.014
27.0895
26.9765
26.6645
25.459
22.7415
19.364
15.253
10.5415
6.5535
3.43005
0.8221
-1.65365
-4.46325
-6.7305
-8.735
-9.718
-9.857
-10.4225
-10.625
-11.3775
-11.993
-12.177
-12.4835
-12.185
-13.1585
-14.88
-16.3215
-17.924
-19.6585
-22.0015
-24.2225
-26.526
-28.663
-30.032
-31.6495
-32.8875
-33.3535
-33.141
-31.892
-30.177
-28.0105
-26.2365
-24.5475
-23.336
-22.125
-20.3905
-18.654
-16.604
-14.6945
-13.083
-11.892
-10.988
-10.6655
-10.2705
-10.277
-10.3135
-10.2625
-10.0715
-8.9355
-7.144
-4.78535
-2.44425
-0.20678
2.21005
4.2486
6.01
6.5145
6.327
6.2
5.5725
5.8445
6.751
7.38
8.3
9.21
10.788
12.3775
13.8125
15.5125
16.934
18.533
19.552
19.4375
19.4555
19.413
19.1565
18.6435
18.272
17.696
17.2425
18.4005
19.7485
20.6665
21.784
21.9955
22.99
24.927
27.118
29.8225
33.0495
36.9655
40.5835
43.5535
46.71
49.15
50.445
50.535
49.437
47.584
45.1345
43.19
41.6165
39.554
36.542
33.0305
29.284
25.9715
23.9415
22.856
22.262
21.6255
18.712
14.3975
9.971
5.4685
2.35535
0.7954
0.5831
1.3258
1.25595
1.28535
1.5363
2.05205
2.9574
3.3521
3.4398
3.3599
3.0618
2.37055
1.2148
-0.155765
-2.02515
-4.1207
-5.3125
-6.1085
-6.558
-7.035
-8.6
-9.8885
-10.41
-10.062
-9.277
-8.477
-7.11
-5.1755
-3.46905
-2.10825
-0.81135
-0.2183
-0.35718
-0.280855
-0.85355
-2.7478
-5.358
-8.597
-11.624
-14.443
-16.7675
-18.9055
-21.562
-24.1615
-26.3305
-27.803
-28.734
-28.827
-28.3385
-27.6585
-26.891
-26.5425
-27.474
-27.696
-26.867
-25.8305
-24.1395
-22.3925
-20.407
-19.1125
-18.161
-16.566
-15.3905
-14.583
-13.8515
-13.408
-13.056
-12.0755
-10.6205
-10.21
-10.025
-9.1645
-8.512
-7.646
-7.205
-7.263
-7.4775
-8.32
-9.0905
-9.337
-8.314
-6.303
-4.61095
-3.76485
-3.3844
-2.833
-1.2571
0.488045
2.76245
4.8294
6.248
7.853
9.5795
11.9625
14.553
17.036
18.678
19.993
21.368
21.735
21.625
21.2255
19.8025
19.343
19.426
19.3225
19.1705
17.992
16.4585
15.174
14.432
14.0515
13.9445
13.8335
12.966
11.874
10.4565
9.215
9.4105
9.4005
9.114
8.24
6.2735
4.51825
3.74275
3.61305
4.6943
6.265
7.849
9.0535
9.484
9.2575
8.3665
7.6495
6.83
6.0705
5.386
4.52985
3.5822
2.11415
1.17955
1.32735
1.25205
1.8196
2.9417
3.9897
5.247
6.006
6.755
7.525
8.2535
8.775
8.4035
7.3835
5.529
3.1813
0.97035
-1.62975
-4.3715
-6.7535
-8.698
-10.1545
-11.4655
-12.4225
-13.739
-14.536
-14.9225
-15.086
-14.938
-15.531
-17.09
-18.634
-20.2225
-21.1195
-20.8645
-19.74
-17.8765
-16.1415
-15.2755
-14.9435
-14.6445
-13.896
-13.427
-13.606
-13.9655
-13.477
-13.3425
-14.051
-14.919
-15.0925
-14.6605
-13.856
-12.866
-11.4455
-10.979
-11.0265
-10.718
-10.0715
-9.401
-9.5105
-9.813
-10.2805
-10.6865
-11.251
-11.9465
-11.8965
-11.8245
-11.671
-10.67
-9.7445
-8.4785
-7.555
-6.7405
-4.756
-2.51215
-0.16542
1.7075
2.16585
2.68075
2.6831
3.10945
4.80255
6.524
8.919
11.5035
14.003
15.338
16.113
18.3145
21.6535
25.51
29.178
32.074
34.8985
36.5935
36.7205
35.948
35.016
34.3495
33.1975
31.7125
30.189
28.537
26.9065
24.842
23.8095
23.974
24.423
25.8405
26.581
26.956
26.836
25.9235
25.2795
24.1145
22.5335
21.307
20.267
19.087
17.6435
15.456
13.0745
10.758
8.521
5.897
3.3697
1.65445
-0.5187
-2.81245
-4.91825
-6.125
-6.533
-6.8425
-7.219
-7.3305
-7.2555
-7.509
-8.3305
-9.0415
-9.8905
-10.3785
-10.56
-11.1045
-11.026
-11.03
-11.3555
-11.846
-12.256
-13.091
-14.5815
-15.307
-15.431
-15.081
-14.794
-15.0255
-14.931
-14.903
-15.0135
-14.8805
-15.0015
-15.268
-16.037
-17.4335
-19.593
-22.0275
-23.3065
-23.278
-23.234
-23.191
-23.2575
-23.7685
-24.7775
-24.9325
-24.41
-23.827
-23.1265
-23.142
-22.7885
-20.556
-17.328
-13.663
-10.476
-8.113
-6.4445
-5.3645
-4.53575
-3.83655
-3.3984
-3.29885
-3.41125
-3.12115
-2.3138
-1.56015
-0.71425
-0.029488
0.55275
0.84395
1.28795
1.44455
1.2242
1.356
1.58755
2.12705
3.558
5.7625
8.1765
10.112
11.56
12.6825
12.837
13.34
13.4745
13.517
14.7585
16.4435
18.5605
20.167
21.7665
23.9735
25.9375
29.271
33.2175
36.668
39.2895
40.172
40.3
41.0705
41.764
42.598
43.0295
42.502
40.3445
37.135
34.1015
31.449
30.0195
28.613
26.9665
25.3475
23.2665
22.0155
21.3405
20.488
19.8475
18.4825
16.1795
13.5675
10.4275
7.3735
4.3598
1.9138
0.5325
-1.2768
-3.60045
-5.6705
-7.123
-8.3815
-9.4775
-10.27
-10.172
-9.4465
-9.2535
-8.8535
-8.9125
-10.15
-11.3655
-12.1725
-12.7285
-12.3395
-11.8735
-12.079
-12.932
-13.7865
-14.5095
-15.3755
-15.7785
-15.729
-15.744
-16.1915
-17.582
-18.902
-20.5995
-21.5345
-21.521
-21.1945
-20.739
-20.2385
-20.499
-21.2935
-21.894
-21.5695
-20.4775
-19.0065
-17.586
-16.919
-16.1205
-15.342
-14.397
-12.427
-10.149
-8.089
-6.8325
-6.1785
-5.103
-3.62245
-1.7051
0.3583
1.5973
1.98875
1.8062
1.6964
1.3027
1.4091
2.75165
5.201
8.428
11.5125
14.5575
17.4295
19.294
20.8345
22.6105
24.644
26.2925
27.8505
29.7355
30.216
29.756
29.1
28.127
27.194
26.1835
25.8765
25.637
25.4265
25.349
24.1625
22.755
21.889
19.678
16.5945
13.2195
9.3505
5.5965
2.29395
0.21192
-1.51835
-2.01955
-1.5272
-0.92765
-0.0119735
0.48338
-0.143025
-1.68635
-3.38385
-4.45995
-5.262
-5.488
-4.60685
-4.1653
-4.7014
-5.9955
-6.8775
-7.466
-7.8635
-6.954
-6.0835
-5.442
-4.7563
-5.2015
-5.724
-5.6935
-5.426
-4.80735
-5.153
-5.9595
-7.045
-8.362
-8.851
-8.821
-8.7455
-8.7445
-9.009
-9.466
-9.9025
-10.525
-11.085
-10.7845
-10.2005
-10.3495
-10.505
-10.959
-10.824
-9.6245
-8.1965
-6.5595
-5.5935
-5.9325
-6.7135
-7.58
-7.972
-7.4445
-5.6265
-3.1504
-1.1989
-0.089295
-0.232825
-0.32941
0.05439
0.41805
0.8517
1.3577
1.7963
3.222
4.75745
6.004
6.489
6.352
6.1555
5.266
4.8258
4.86665
4.79605
4.9067
5.088
5.7445
6.2605
7.4585
8.411
8.9275
9.5935
10.019
11.2635
12.4995
13.8155
14.9985
14.606
13.737
13.0995
12.392
12.779
13.3755
13.303
13.3465
12.7355
11.1895
10.1095
9.8945
9.486
9.2655
9.512
9.1395
8.1255
6.9005
6.295
6.43
6.3675
6.329
5.9065
4.4504
3.7629
3.31445
3.2401
3.1623
2.05035
0.93055
-0.42353
-2.53515
-3.83395
-4.83665
-6.3255
-7.892
-9.398
-10.8955
-12.5625
-13.7125
-14.4945
-15.2485
-15.4135
-14.6855
-13.4555
-11.986
-10.6315
-9.6015
-8.466
-7.5565
-6.965
-6.397
-6.619
-7.3015
-7.4795
-8.537
-9.91
-10.5555
-11.417
-12.4175
-13.7335
-14.579
-15.189
-15.5585
-14.5975
-13.828
-13.1235
-11.91
-10.702
-9.6185
-8.211
-6.576
-5.0145
-3.84435
-3.24805
-3.1075
-2.3309
-1.6947
-1.62795
-0.7198
0.059995
0.74675
1.63115
1.85445
2.1522
2.6384
2.9089
3.93865
5.818
8.219
10.4155
12.448
13.772
14.327
14.9215
15.084
15.5215
15.9675
16.5275
17.238
16.838
16.294
16.088
15.2265
14.2405
12.9445
11.7825
10.638
9.473
8.127
6.473
5.2005
4.5165
3.74015
3.3324
3.01165
2.6043
2.86295
3.64835
4.52675
5.422
6.4595
6.4945
5.7525
4.64365
3.4513
2.09535
1.19635
1.3717
1.7454
1.22465
0.66165
-1.1121
-3.43355
-4.4912
-5.342
-6.3865
-7.5485
-8.4175
-9.3005
-10.685
-11.4285
-11.8525
-11.9995
-11.4445
-10.7845
-10.291
-10.478
-11.4215
-12.108
-13.2245
-14.7995
-16.319
-17.615
-18.3285
-19.167
-19.895
-20.234
-20.0755
-19.1615
-18.477
-17.9395
-17.9025
-18.0835
-17.6315
-17.18
-17.117
-16.8895
-15.945
-14.5365
-13.563
-11.7515
-9.5445
-8.456
-7.3125
-6.0975
-5.118
-4.10635
-4.16155
-4.1893
-3.9145
-3.4445
-3.07245
-2.4623
-1.47895
-1.11375
-1.11295
-0.7957
-0.11774
0.82585
2.00495
4.22025
6.6405
8.5285
10.201
11.611
13.215
15.5725
19.339
23.421
27.06
30.666
34.0105
37.972
42.5315
46.225
50.045
53.94
57.075
58.905
59.145
58.56
56.75
53.69
49.9445
45.941
42.432
39.445
36.3285
33.64
31.509
30.3565
29.6845
29.102
28.994
27.9205
26.0685
23.799
21.1175
18.167
15.506
13.774
11.8015
10.135
8.8525
7.4325
6.4935
4.7442
2.5288
1.5242
0.8043
0.053095
-0.65245
-1.7596
-2.96845
-4.0837
-5.512
-6.8965
-7.622
-7.9555
-8.3565
-8.758
-8.7885
-8.8295
-8.7905
-9.095
-9.791
-10.5915
-11.953
-14.2735
-16.7415
-18.7065
-20.7555
-23.549
-25.838
-28.1335
-30.4575
-32.6755
-34.5075
-35.0765
-35.85
-36.4225
-36.589
-37.161
-37.127
-37.1085
-36.8555
-35.7095
-34.162
-32.5925
-31.438
-30.639
-30.1475
-29.948
-28.8135
-27.6015
-26.523
-24.6855
-22.079
-19.1885
-16.739
-13.914
-11.7735
-10.3875
-8.7545
-7.365
-6.0685
-5.2915
-4.63115
-3.7949
-3.39635
-3.10705
-2.62445
-2.67175
-2.361
-1.5986
-1.05175
-0.8061
-0.05772
0.86595
1.2839
1.8411
3.21445
4.73105
6.569
8.5185
10.1135
11.335
12.3335
13.688
14.4145
15.3785
17.0035
18.1965
18.994
19.6725
20.4505
20.9445
20.855
21.22
21.637
21.98
22.5045
22.7165
23.459
24.0005
23.6965
22.8805
21.7505
20.3235
18.91
17.998
16.732
15.576
13.989
11.4205
8.9555
6.1465
3.98515
2.9969
2.44125
2.53245
2.84955
3.81055
5.2615
5.9165
6.7025
7.4825
7.8635
7.9095
8.069
8.672
8.3855
7.188
5.7955
3.8883
1.6951
-0.8385
-3.71265
-6.22
-8.7885
-10.5895
-12.4955
-13.9405
-14.2035
-14.2665
-14.1125
-14.123
-14.5025
-14.9205
-15.328
-15.663
-15.49
-14.6645
-13.5
-11.823
-9.328
-7.0395
-5.1035
-3.9703
-4.246
-4.4195
-4.90775
-5.0425
-4.85815
-4.7862
-3.37055
-1.00515
0.4996
-0.5594
-3.89425
-5.875
-4.752
-1.8538
0.63595
2.39295
3.23595
1.87065
-0.55775
-2.4704
-3.0674
-0.80575
1.6246
1.84125
1.65025
0.42263
-1.20635
-0.39992
2.07685
4.26775
6.1965
7.5995
7.9265
7.8645
8.235
9.401
11.5655
12.8555
12.9915
12.3095
11.3105
10.9075
10.894
11.714
13.642
14.3535
14.519
13.8585
13.1845
13.357
13.502
14.5855
15.6425
15.2865
14.2675
13.1935
13.2365
13.3385
13.4925
14.393
15.047
15.6115
15.6305
15.743
16.4285
16.3135
16.3
16.085
15.4475
15.2755
14.243
12.6895
11.387
10.5865
10.4355
10.5735
9.992
8.772
7.261
5.4595
3.59595
2.95785
2.0596
1.07565
0.6518
-0.74215
-1.8271
-2.9922
-3.6141
-3.64855
-4.2711
-3.93455
-3.1291
-2.4596
-2.04195
-2.43555
-1.62355
-1.26985
-2.26425
-2.6679
-2.4714
-1.5646
-0.505
0.408075
-0.56165
-4.21225
-7.7205
-10.006
-10.287
-9.529
-10.137
-11.655
-13.8235
-16.693
-18.711
-19.9615
-20.3425
-20.3085
-20.0585
-19.7635
-20.8485
-22.3575
-23.5895
-23.643
-21.4415
-18.928
-17.556
-17.143
-17.4685
-18.297
-18.924
-18.5235
-17.731
-16.6465
-14.782
-13.078
-12.777
-13.7295
-14.796
-15.691
-15.3365
-13.55
-12.6085
-12.6315
-12.5605
-12.6735
-12.6115
